class W_LAW_WTF_Proj extends W_LAW_Proj;

defaultproperties
{
     ArmDistSquared=40000.000000
     Speed=1300.000000
     MaxSpeed=2000.000000
     ImpactDamage=0
     Damage=2500.000000
     DamageRadius=5000.000000
     SoundVolume=120
}